ARGON
S   3
  1    674.4465184              0.1543289673     
  2    122.8512753              0.5353281423     
  3     33.24834945             0.4446345422     
S   3
  1     45.1642439             -0.0999672
  2     10.4951990              0.3995128
  3      3.4133644              0.7001155
P   3
  1     45.1642439              0.1559163
  2     10.4951990              0.6076837
  3      3.4133644              0.3919574
S   3
  1      2.6213665             -0.2196204
  2      0.7313546              0.2255954
  3      0.2862472              0.9003984
P   3
  1      2.6213665              0.0105876
  2      0.7313546              0.5951670
  3      0.2862472              0.4620010

